06122500017
06122500130
06122500253
06122500376
06122500499
06122500512
06122500635
06122500758
06122500871
06122500994
06122501018
06122501131
06122501254
06122501377
06122501490
06122501513
06122501636
06122501759
06122501872
06122501995
06122502019
06122502132
06122502255
06122502378
06122502491
06122502514
06122502637
06122502750
06122502873
06122502996
06122503010
06122503133
06122503256
06122503379
06122503492
06122503515
06122503638
06122503751
06122503874
06122503997
06122504011
06122504134
06122504257
06122504370
06122504493
06122504516
06122504639
06122504752
06122504875
06122504998
06122505012
06122505135
06122505258
06122505371
06122505494
06122505517
06122505630
06122505753
06122505876
06122505999
06122506013
06122506136
06122506259
06122506372
06122506495
06122506518
06122506631
06122506754
06122506877
06122506990
06122507014
06122507137
06122507250
06122507373
06122507496
06122507519
06122507632
06122507755
06122507878
06122507991
06122508015
06122508138
06122508251
06122508374
06122508497
06122508510
06122508633
06122508756
06122508879
06122508992
06122509016
06122509139
06122509252
06122509375
06122509498
06122509511
06122509634
06122509757
06122509870
06122509993
